n_values: [100, 150, 200, 250, 300, 350, 400, 500]
worst_cases: [0.0, 0.0, 0.0, 0.0, 0.0009982585906982422, 0.0009965896606445312, 0.0, 0.000997781753540039]
average_cases: [0.0, 0.0, 0.0, 0.0, 9.982585906982422e-05, 9.965896606445312e-05, 0.0, 9.97781753540039e-05]
